03-08-19-23-36-38	127
03-12-23-24-32-38	132
04-16-19-23-32-35	129

08-13-15-22-23-33	114
08-13-17-19-32-33	122
08-15-19-25-32-38	137

08-15-19-29-32-33	136
08-19-22-25-32-33	139
09-12-19-21-25-34	120

9게임 ---
42 [1, 2, 3, 4, 6, 7, 8, 9, 10, 11, 12, 13, 14, 15, 16, 17, 18, 19, 20, 21, 22, 23, 24, 25, 26, 28, 29, 30, 31, 32, 33, 34, 35, 36, 37, 38, 39, 40, 41, 42, 43, 44] ---

03 = 2
04 = 1
08 = 6
09 = 1
12 = 2
13 = 2
15 = 3
16 = 1
17 = 1
19 = 7
21 = 1
22 = 2
23 = 4
24 = 1
25 = 3
29 = 1
32 = 6
33 = 4
34 = 1
35 = 1
36 = 1
38 = 3

총 22개 번호가 선택되었습니다.

